Stadium,Elevation,G,GS,PA,AB,R,H,2B,3B,HR,RBI,SB,CS,BB,SO,BA,OBP,SLG,OPS,TB,GDP,HBP,SH,SF,IBB,ROE,BAbip,tOPS+,sOPS+
LAA-Angel Stad,160,2,2,9,9,0,0,0,0,0,1,0,0,0,2,.000,.000,.000,.000,0,1,0,0,0,0,0,.000,-100,-100
SFG-AT&T Pk,63,10,10,45,42,4,10,2,0,1,3,1,0,3,1,.238,.289,.357,.646,15,1,0,0,0,0,1,.225,41,87
STL-Busch Stad 3,455,4,4,19,18,3,6,1,0,1,5,0,0,1,4,.333,.368,.556,.924,10,1,0,0,0,0,0,.385,98,163
ARI-Chase Field,1082,9,9,40,35,7,9,2,0,3,7,0,0,5,9,.257,.350,.571,.921,20,0,0,0,0,0,0,.261,95,157
NYM-Citi Field,54,3,3,13,11,3,3,0,0,1,2,0,0,2,5,.273,.385,.545,.930,6,0,0,0,0,0,0,.400,100,182
PHI-CitizensBank,9,2,2,10,7,1,0,0,0,0,1,0,0,2,1,.000,.200,.000,.200,0,0,0,0,1,0,0,.000,-47,-35
COL-Coors Fld,5183,80,78,330,288,64,100,23,2,23,62,1,2,38,53,.347,.424,.681,1.105,196,9,2,0,2,5,4,.360,135,168
LAD-Dodger Stad,267,10,10,41,38,3,8,0,0,3,6,0,0,3,16,.211,.268,.447,.716,17,2,0,0,0,0,0,.263,51,99
CIN-GreatAmer BP,683,3,3,15,12,2,4,1,0,0,0,0,0,3,2,.333,.467,.417,.883,5,1,0,0,0,0,0,.400,99,135
MIA-Marlins Pk,15,3,3,12,10,0,1,0,0,0,0,0,0,2,3,.100,.250,.100,.350,1,0,0,0,0,1,0,.143,-15,9
MIL-Miller Pk,593,3,3,14,12,2,3,0,0,1,1,0,0,1,2,.250,.357,.500,.857,6,1,1,0,0,0,0,.222,85,137
HOU-MinuteMaidPk,38,2,2,9,7,1,3,0,0,1,2,0,0,2,2,.429,.556,.857,1.413,6,0,0,0,0,0,0,.500,201,306
WSN-Natls Park,25,2,2,9,7,0,1,1,0,0,0,0,0,2,1,.143,.333,.286,.619,2,0,0,0,0,0,0,.167,40,67
SDP-Petco Pk,13,10,10,46,36,4,9,3,0,0,6,0,0,7,6,.250,.356,.333,.689,12,0,0,1,2,4,1,.281,55,96
TEX-Rangers Bpk,616,3,3,14,12,4,5,3,0,1,5,0,0,1,2,.417,.429,.917,1.345,11,0,0,0,1,0,0,.400,178,221
SEA-Safeco Fld,10,3,3,13,13,1,2,0,0,0,0,0,0,0,4,.154,.154,.154,.308,2,0,0,0,0,0,0,.222,-31,-10
ATL-SunTrust Pk,1050,4,4,19,19,2,6,0,0,0,2,0,0,0,4,.316,.316,.316,.632,6,0,0,0,0,0,0,.400,41,81
CHC-Wrigley Fld,596,3,3,15,14,3,5,2,0,3,7,0,0,1,5,.357,.400,1.143,1.543,16,0,0,0,0,0,0,.333,211,303
